sample.no	specimen	year	month	weight	sex	maturity.stage	DML	eviscerate.weight	dig.weight	nid.length	nid.weight	ovary.weight
105128901	1002	1989	12	152	2	3	174	87.5	4.648	39.4	2.46	1.68
105128901	1003	1989	12	105.9	2	1	153	62.6	3.138	24.1	0.319	0.103
105128901	1005	1989	12	138.4	2	2	169	79.4	0.307	39	1.169	0.289
105128901	1007	1989	12	140.8	2	2	175	83.1	4.123	41.4	1.631	0.252
105128901	1008	1989	12	126.2	2	3	169	72.2	3.605	39.8	2.03	0.86
105128901	1009	1989	12	54.3	2	1	116	30.2	1.092	20	0.148	0.016
105128901	1011	1989	12	81.2	2	2	135	46.6	2.168	14	0.252	0.043
105128901	1013	1989	12	182.7	2	3	192	107.7	2.026	55	5.614	5.84
105128901	1014	1989	12	141.6	2	3	170	72.3	2.731	44	2.557	1.846
105128901	1017	1989	12	218	2	4	205	121.8	4.916	53	6.062	4.097
105128901	1020	1989	12	194.2	2	3	190	126.7	2.977	430.2	2.939	1.196
105128901	1023	1989	12	182.4	2	4	170	113.2	3.021	51	6.04	4.027
116019001	1003	1990	1	401	2	4	257	187	16.05	80	18.858	21.072
116019001	1005	1990	1	693	2	5	323	347	22.241	100	28.727	47.79
119019001	1001	1990	1	354.6	2	4	246	171.7	12.6	84	18.3	19.4
100039001	1001	1990	3	311	2	4	240	169	10.223	70	9.831	12.881
100039001	1003	1990	3	297	2	4	225	142	5.931	85	16.298	21.15
100039001	1004	1990	3	339	2	5	234	167	7.93	83	17.176	25.55
100039001	1006	1990	3	258	2	4	209	126	3.784	80	13.391	12.816
100039001	1007	1990	3	397	2	5	250	198	11.075	83	15.044	21.37
100039001	1010	1990	3	504	2	4	272	221	13.044	96	35.42	29.39
102039001	1001	1990	3	132	2	4	159	60	3.36	53	5.421	7.59
102039001	1002	1990	3	224	2	5	205	100	5.93	76	10.073	16.3
102039001	1003	1990	3	331	2	5	250	162	9.71	93	15.499	23.52
102039002	1001	1990	3	220	2	5	205	99	5.293	74	12.712	14.76
102039002	1003	1990	3	301	2	5	223	146	7.674	76	16.046	21.92
102039002	1005	1990	3	367	2	5	233	169	9.23	87	23.003	32.77
104039001	1001	1990	3	249	2	4	216	114	3.768	70	11.656	21.365
104039001	1002	1990	3	304	2	5	223	147	6.871	96	19.79	21.077
104039002	1001	1990	3	400	2	4	255	206	9.94	89	20.593	30.042
104039003	1002	1990	3	349	2	5	250	163	7.074	90	19.264	27.284
106039001	1001	1990	3	454	2	4	264	213	14.547	90	26.35	29.95
106039001	1003	1990	3	244	2	5	215	111	5.453	71	13.752	15.3
106039001	1004	1990	3	460	2	5	255	220	13.46	102	31.795	36.89
106039002	1001	1990	3	351	2	5	244	179	6.776	87	18.604	24.109
106039002	1002	1990	3	317	2	5	222	145	8.005	76	18.871	18.653
106039003	1009	1990	3	392	2	4	266	179	9.703	93	22.848	27.91
108039001	1001	1990	3	562	2	5	286	287	14.628	105	34.46	36.46
108039001	1002	1990	3	302	2	5	234	145	8.75	85	14.176	23.79
108039001	1003	1990	3	394	2	5	251	188	10.62	87	20.73	31.63
108039001	1004	1990	3	503	2	4	280	241	12.436	99	31.97	33.6
108039001	1005	1990	3	396	2	4	257	193	9.828	92	18.7	33.98
108039001	1007	1990	3	248	2	5	217	116	5.424	84	17.837	12.484
108039001	1010	1990	3	297	2	5	234	143	5.85	81	15.875	18.77
108039001	1011	1990	3	258	2	5	222	116	8.021	82	14.44	23.725
108039001	1012	1990	3	705	2	5	310	357	11.413	111	38.78	23.65
108039001	1015	1990	3	241	2	5	209	107	9.5	76	14.595	19.434
108039001	1016	1990	3	327	2	5	235	150	6.21	89	21.522	24.572
108039001	1017	1990	3	213	2	5	208	97	6.211	74	13.041	8.814
108039003	1003	1990	3	331	2	5	238	156	100.341	94	18.051	23.825
110039001	1001	1990	3	367	2	4	248	164	6.05	89	20.748	32.59
117039001	1002	1990	3	272	2	5	208	120	9.497	77	17.91	23.368
117039001	1003	1990	3	291	2	4	223	137	7.102	72	14.831	24.97
118039001	1001	1990	3	201	2	4	190	95	4.231	68	9.523	14.52
130039001	1009	1990	3	206	2	4	187	99	5.08	69	9.865	14.65
113049001	1005	1990	4	483	2	4	260	207	7.182	93	38.2	22.863
113049001	1006	1990	4	381	2	4	234	189	6.732	85	19.531	21.69
113049001	1007	1990	4	436	2	5	242	203	9.696	93	25.724	26.36
113049001	1008	1990	4	260	2	4	221	122	5.493	72	16.208	17.553
113049001	1009	1990	4	297	2	4	215	133	7.755	74	18.059	19.432
113049001	1010	1990	4	253	2	4	204	116	5.825	80	14.98	18.891
120049001	1003	1990	4	206	2	4	181	87	5.1	70	11.9	13.4
120049001	1004	1990	4	276	2	4	224	140	5.4	81	14.9	17.6
126049001	1003	1990	4	227	2	5	199	97	4.6	76	13	17.3
126049001	1004	1990	4	289	2	5	205	115	6.8	77	16.3	16.3
103059001	1001	1990	5	276.4	2	5	213	125.8	7.523	81	15.555	22.037
102079001	1003	1990	7	37.8	2	1	98	20.7	0.697	11.5	0.031	0.033
102079001	1030	1990	7	157	2	2	175	91	1.611	49	1.99	0.601
102079001	1032	1990	7	181.5	2	5	185	80.2	7.638	67	8.924	17.847
102079001	1033	1990	7	403	2	4	257	195	12.685	91	21.081	29.84
102079001	1034	1990	7	538	2	5	278	261	17.375	96	30.12	38.82
105079001	1001	1990	7	219	2	4	200	105	5.015	68	8.658	21.321
105079001	1002	1990	7	88	2	1	139	50	2.06	19	0.078	0.058
105079001	1004	1990	7	120	2	1	145	62	2.883	20	0.111	0.08
105079001	1005	1990	7	170	2	2	178	96	5.847	25	0.373	0.275
105079001	1008	1990	7	132	2	2	159	70	3.459	20	0.217	0.182
105079001	1009	1990	7	192	2	2	177	110	3.796	25	0.276	0.251
105079001	1010	1990	7	358	2	5	243	170	10.984	91	20.993	21.74
105079001	1011	1990	7	309	2	5	219	148	9.28	95	12.936	28.77
105079001	1012	1990	7	130	2	2	160	74	1.78	20	0.142	0.152
105079001	1013	1990	7	134	2	1	152	75	2.86	19	0.188	0.085
105079001	1016	1990	7	144	2	2	166	81	2.559	21	0.154	0.13
105079001	1019	1990	7	134	2	2	155	76	2.538	23	0.182	0.9
105079001	1020	1990	7	132	2	1	146	72	3.187	21	0.14	0.106
105079001	1023	1990	7	136	2	1	163	80	3.78	22	0.172	0.104
105079001	1024	1990	7	113	2	1	149	61	2.641	20	0.123	0.054
105079001	1025	1990	7	141	2	2	167	81	2.949	21	0.187	0.089
105079001	1027	1990	7	123	2	2	159	67	3.655	20	0.104	0.06
105079001	1029	1990	7	295	2	5	226	142	8.855	78	17.903	24.36
105079001	1030	1990	7	145	2	2	170	82	5.077	24	0.18	0.216
105079001	1031	1990	7	403	2	5	258	184	7.295	90	21.026	36.24
105079001	1032	1990	7	126	2	2	150	67	3.926	19	0.124	0.116
105079001	1033	1990	7	113	2	2	151	63	3.347	20	0.108	0.133
105079001	1034	1990	7	321	2	5	233	155	10.015	89	21.394	18.54
105079001	1036	1990	7	120	2	2	151	66	3.072	20	0.14	0.049
105079001	1037	1990	7	149	2	2	171	79	3.943	21	0.189	0.121
105079001	1038	1990	7	131	2	2	145	70	3.419	21	0.173	0.274
105079001	1039	1990	7	175	2	2	176	99	4.569	25	0.271	0.187
105079001	1040	1990	7	116	2	2	145	63	2.943	21	0.124	0.107
105079001	1041	1990	7	94	2	2	136	52	2.295	23	0.122	0.052
105079001	1043	1990	7	120	2	2	151	69	2.558	21	0.097	0.215
105079001	1044	1990	7	128	2	1	162	71	3.273	21	0.16	0.033
105079001	1053	1990	7	208	2	4	195	102	6.722	68	8.087	18.243
105079001	1054	1990	7	132	2	2	160	74	2.835	21	0.107	0.76
105079001	1056	1990	7	138	2	2	162	74	3.899	20	0.149	0.044
105079001	1057	1990	7	86	2	2	136	49	1.176	15	0.072	0.036
105079001	1059	1990	7	305	2	4	247	143	7.684	77	16.732	19.484
105079001	1060	1990	7	199	2	5	200	84	4.548	80	12.663	20.782
110089001	1001	1990	8	194	2	2	180	108	4.874	22	0.268	0.155
110089001	1014	1990	8	175	2	2	183	97	5.264	25	0.268	0.455
115089001	1001	1990	8	215	2	2	188	116	5.644	30.5	0.315	0.197
122089001	1003	1990	8	210	2	2	205	121	5.206	20	0.277	0.1
122089001	1006	1990	8	101	2	2	152	61	3.194	20	0.154	0.123
122089001	1007	1990	8	181	2	2	178	108	5.178	24	0.233	0.252
122089001	1008	1990	8	196	2	2	193	111	3.607	22	0.323	0.098
122089001	1014	1990	8	371	2	4	255	195	10.218	80	14.043	25.366
122089001	1015	1990	8	278	2	2	224	157	6.617	18	0.424	0.162
122089001	1021	1990	8	175	2	2	185	104	4.232	25	0.296	0.104
122089001	1022	1990	8	197	2	2	192	120	5.247	30	0.531	0.403
122089001	1024	1990	8	311	2	2	232	175	7.149	19	0.287	0.184
122089001	1027	1990	8	321	2	2	229	184	9.296	32	0.45	0.329
122089001	1029	1990	8	225	2	3	205	132	4.63	24	0.248	0.274
122089001	1030	1990	8	280	2	3	220	169	7.777	29	0.475	0.65
122089001	1036	1990	8	337	2	2	231	192	10.081	33	0.726	0.496
122089001	1040	1990	8	268	2	2	215	153	4.728	25.6	0.379	0.189
122089001	1041	1990	8	337	2	3	248	201	5.352	32	0.623	0.773
122089001	1043	1990	8	223	2	2	196	126	5.086	23	0.257	0.181
122089001	1045	1990	8	312	2	2	235	180	5.878	29	0.558	0.42
122089001	1048	1990	8	219	2	2	197	124	7.222	27	0.34	0.321
122089001	1051	1990	8	442	2	4	258	244	6.665	76	13.687	21.676
122089001	1059	1990	8	377	2	3	241	226	6.222	32	0.722	0.276
122089001	1061	1990	8	411	2	4	250	220	7.332	80	14.936	25.892
122089001	1065	1990	8	276	2	2	216	161	4.873	35	0.243	0.214
122089001	1067	1990	8	306	2	3	226	181	7.321	32	0.731	0.43
122089001	1073	1990	8	257	2	2	216	148	9.391	25	0.216	0.093
122089001	1074	1990	8	272	2	2	214	150	8.015	27	0.4	0.256
122089001	1076	1990	8	272	2	2	209	161	5.65	27	0.476	0.227
113099001	1031	1990	9	122	2	2	149	69	2.344	20	0.114	0.13
113099001	1032	1990	9	225	2	2	189	140	6.114	37.5	1.46	0.323
113099001	1036	1990	9	211	2	2	190	130	3.834	32	0.861	0.13
113099001	1040	1990	9	381	2	2	230	215	11.459	35	0.861	0.484
113099001	1042	1990	9	453	2	2	257	266	15.062	38.6	1.64	1.049
113099001	1044	1990	9	353	2	2	225	211	8.308	33	0.655	0.248
113099001	1045	1990	9	347	2	2	235	206	10.56	36	1.096	0.49
113099001	1053	1990	9	393	2	2	235	225	11.44	30	0.649	0.094
113099001	1056	1990	9	407	2	2	243	227	10.041	34	0.789	0.489
113099001	1059	1990	9	458	2	2	259	275	14.463	30	1.083	0.24
113099001	1061	1990	9	411	2	2	238	245	11.032	35	1.072	0.298
113099001	1062	1990	9	349	2	3	235	211	7.744	40	1.748	0.643
113099002	1002	1990	9	350	2	3	234	190	8.192	40	1.404	0.327
113099002	1003	1990	9	330	2	2	226	189	7.852	32	0.721	0.177
113099002	1004	1990	9	279	2	2	214	157	7.748	35	1.026	0.411
125099001	1001	1990	9	148	2	2	169	85	4.196	23.5	0.305	0.133
125099001	1002	1990	9	204	2	2	190	118	7.019	28	0.59	0.32
125099001	1008	1990	9	348	2	2	222	208	10.647	35	0.929	0.62
125099001	1010	1990	9	364	2	2	239	225	9.183	35	0.937	0.183
125099001	1019	1990	9	374	2	2	248	232	10.146	46	1.984	0.808
125099001	1027	1990	9	327	2	2	249	206	8.46	43.3	1.078	0.394
101099001	1010	1990	9	234	2	2	200	118	7.64	42.6	1.632	0.339
101099001	1011	1990	9	281	2	2	232	160	11.768	51	3.373	1.295
101099001	1012	1990	9	306	2	2	222	162	12.388	47	2.183	1.154
101099001	1013	1990	9	182	2	2	199	98.2	6.236	29	0.546	0.227
101099001	1014	1990	9	336	2	2	235	182	15.833	49	2.745	1.206
101099001	1015	1990	9	300	2	2	233	167	10.644	46.5	2.598	1.8
101099001	1017	1990	9	186	2	2	193	96	8.47	34	0.789	0.622
101099001	1018	1990	9	179	2	2	186	94	6.968	32	0.925	0.63
101099001	1019	1990	9	153	2	2	180	79	4.535	28	0.636	0.489
101099001	1020	1990	9	206	2	2	204	106	9.467	39	1.184	0.813
101099001	1021	1990	9	178	2	2	183	94	6.981	33	1.171	0.599
101099001	1022	1990	9	195	2	2	201	106	6.8	35	1	0.224
101099001	1023	1990	9	247	2	2	219	133	9.111	39	1.229	0.631
101099001	1024	1990	9	197	2	2	204	103	7.896	39	1.503	0.617
101099001	1025	1990	9	158	2	2	188	88	5.502	41	1.172	0.6
101099001	1026	1990	9	220	2	2	211	113	9.612	44	1.89	0.622
101099001	1027	1990	9	203	2	2	201	114	5.387	35	0.946	0.57
101099001	1028	1990	9	148	2	2	179	80	4.028	31	0.641	0.439
101099001	1030	1990	9	163	2	2	184	81	5.687	31	0.701	0.344
101099001	1031	1990	9	117	2	1	163	64	3.417	21.3	0.228	0.108
101099001	1032	1990	9	103	2	2	154	53	3.391	19.5	0.169	0.086
101099001	1035	1990	9	109	2	2	159	60	1.793	24.6	0.389	0.191
101099002	1001	1990	9	197	2	2	201	104	9.626	36	0.894	0.735
101099002	1002	1990	9	347	2	3	237	183	14.97	49	3.299	1.283
101099002	1003	1990	9	189	2	2	199	100	7.461	40	1.491	0.906
101099002	1004	1990	9	293	2	2	228	159	12.737	50	3.022	0.949
101099002	1005	1990	9	209	2	2	204	108	8.74	37.5	1.395	0.73
101099002	1006	1990	9	222	2	2	212	117	10.156	37	1.472	1.583
101099002	1008	1990	9	158	2	2	182	86	6.221	32	0.7	0.666
101099002	1009	1990	9	225	2	2	206	119	8.757	36.1	1.195	0.981
101099002	1011	1990	9	174	2	2	193	93	6.65	34.1	0.865	0.694
101099002	1013	1990	9	263	2	2	225	150	11.9	45.1	2.414	1.643
101099002	1014	1990	9	128	2	2	168	67	5.05	27	0.442	0.444
101099002	1015	1990	9	155	2	2	187	82	6.323	38.4	1.282	0.553
101099002	1016	1990	9	207	2	2	206	114	8.79	40	1.228	0.515
101099002	1017	1990	9	252	2	2	217	134	11.062	36	1.403	0.63
101099002	1018	1990	9	152	2	2	180	84	6.3	30	0.655	0.452
101099002	1019	1990	9	184	2	2	191	100	8.315	40	1.34	0.837
101099002	1021	1990	9	291	2	2	219	150	13.274	42	2.014	1.081
101099002	1022	1990	9	196	2	2	199	108	8.369	38	1.612	0.698
101099002	1023	1990	9	205	2	2	193	114	7.756	37.5	1.08	0.482
101099002	1024	1990	9	119	2	2	170	65	4.244	25	0.326	0.263
101099002	1027	1990	9	162	2	2	181	84	6.895	36.2	1.131	0.671
113099001	1004	1990	9	483	2	2	260	288	11.021	37	1.133	0.646
113099001	1005	1990	9	431	2	3	255	249	9.643	39	1.362	0.603
113099001	1007	1990	9	381	2	2	245	223	12.094	44	2.424	1.277
113099001	1008	1990	9	321	2	2	218	178	7.843	30	0.565	0.353
113099001	1009	1990	9	354	2	2	217	203	9.518	30	0.67	0.771
113099001	1010	1990	9	374	2	2	240	233	6.084	35	1.04	0.567
113099001	1011	1990	9	397	2	2	234	231	10.369	32	0.997	0.651
113099001	1012	1990	9	381	2	2	229	223	10.006	32	1.022	0.558
113099001	1013	1990	9	299	2	2	210	168	6.766	28	0.48	0.388
113099001	1014	1990	9	105	2	2	138	55	2.406	28	0.837	0.112
113099001	1015	1990	9	389	2	2	240	224	10.616	32	0.746	0.295
113099001	1020	1990	9	396	2	2	236	233	8.897	37	0.483	0.265
113099001	1021	1990	9	326	2	2	230	188	6.227	27	0.696	0.328
113099001	1022	1990	9	382	2	2	230	225	11.636	33	0.934	0.277
113099001	1023	1990	9	407	2	3	235	245	8.145	36	1.105	0.895
113099001	1024	1990	9	376	2	2	237	224	13.132	32	0.86	0.515
113099001	1025	1990	9	393	2	2	248	228	10.845	35	0.75	0.518
113099001	1026	1990	9	364	2	2	225	211	8.864	34	0.82	0.515
102109001	1005	1990	10	184	2	2	183	107	5.072	27	0.48	0.334
116109001	1007	1990	10	418	2	2	259	246	13.267	49	2.437	0.896
116109001	1009	1990	10	104	2	2	156	64	3.344	25	0.372	0.109
116109001	1010	1990	10	148	2	2	163	87	4.259	21	0.234	0.143
116109001	1011	1990	10	76	2	2	132	43	1.359	18	0.099	0.067
116109001	1018	1990	10	34	2	1	88	16.8	0.76	13	0.051	0.024
118109001	1002	1990	10	432	2	3	257	242	12.946	45	2.716	0.577
118109001	1005	1990	10	168	2	2	176	101	1.89	31	0.621	0.288
118109001	1007	1990	10	150	2	2	165	87	2.914	33	0.611	0.198
118109001	1011	1990	10	144	2	2	160	91	2.194	24	0.384	0.059
118109001	1014	1990	10	177	2	2	181	103	3.802	35	0.82	0.266
118109001	1016	1990	10	142	2	2	173	86	3.103	29	0.646	0.23
118109001	1017	1990	10	152	2	2	173	90	3.915	30	0.68	0.253
118109001	1020	1990	10	165	2	2	181	96	4.035	34	0.768	0.358
118109001	1021	1990	10	162	2	2	176	93	3.432	32	0.378	0.193
118109001	1022	1990	10	134	2	2	162	79	2.425	28	0.305	0.105
118109001	1023	1990	10	238	2	2	199	93	3.905	46	2.462	0.673
125109001	1002	1990	10	238	2	2	205	135	7.603	46	2.185	0.66
125109001	1004	1990	10	140	2	2	163	83	3.166	29	0.598	0.369
101119001	1009	1990	11	176	2	2	179	101	5.21	38	1.529	0.597
101119001	1010	1990	11	166	2	2	180	96	3.934	37	2.175	0.624
101119001	1011	1990	11	293	2	3	220	164	9.874	58	5.242	3.053
101119001	1012	1990	11	505	2	3	277	294	13.022	62	7.084	2.829
101119001	1013	1990	11	65	2	1	119	36	0.613	18	0.105	0.047
101119001	1015	1990	11	217	2	2	196	126	4.732	37	1.29	0.794
101119001	1016	1990	11	182	2	2	187	104	5.202	34	1.154	0.246
101119001	1017	1990	11	287	2	2	224	172	7.388	49	2.961	0.758
101119001	1019	1990	11	412	2	3	254	234	10.162	55	6.741	3.86
101119001	1022	1990	11	245	2	3	207	154	7.606	39	1.742	0.705
101119001	1023	1990	11	208	2	2	194	119	7.032	38	1.632	0.403
101119001	1024	1990	11	226	2	3	195	127	7.23	48	3.47	1.662
101119001	1028	1990	11	216	2	2	190	119	3.694	37	1.232	0.302
101119001	1036	1990	11	211	2	2	193	123	7.009	44	2.359	0.63
101119001	1037	1990	11	100	2	2	137	58	1.574	20	0.111	0.05
101119001	1040	1990	11	158	2	2	171	91	4.79	41	1.638	0.536
101119001	1041	1990	11	234	2	2	197	140	6.986	42.3	2.38	0.652
101119001	1042	1990	11	205	2	2	187	118	3.87	33.8	1.162	0.639
101119001	1044	1990	11	296	2	3	218	166.7	6.315	62	5.291	4.295
101119001	1048	1990	11	169	2	2	177	95	4.57	40	1.114	0.375
101119001	1053	1990	11	142	2	2	167	81	4.682	29	0.487	0.292
120119001	1005	1990	11	189	2	2	193	110	3.701	33.7	0.874	0.283
120119001	1007	1990	11	117	2	2	155	66.6	1.979	34.6	0.564	0.238
120119001	1008	1990	11	166	2	2	172	92	2.65	40.5	1.318	0.462
120119001	1009	1990	11	276	2	3	214	153	4.77	57.5	5.55	4.017
120119001	1010	1990	11	339	2	3	246	196	10.633	68	7.685	5.986
120119001	1012	1990	11	184	2	2	190	109	3.124	48	2.543	1.151
120119001	1013	1990	11	127	2	2	157	73	3.553	28.6	0.401	0.287
120119001	1015	1990	11	242	2	3	213	135	8.036	58	6.578	10.865
120119001	1018	1990	11	286	2	3	228	163	6.411	65.4	7.53	7.894
101119001	1001	1990	11	428	2	3	259	246	10.867	62	7.89	4.522
101119001	1003	1990	11	240	2	2	215	138	7.151	47	3.312	1.531
101119001	1005	1990	11	244	2	2	213	144	6.856	42	2.555	0.864
101119001	1006	1990	11	106	2	2	147	59	2.404	23	0.233	0.065
101119001	1007	1990	11	289	2	3	210	163	5.72	69	7.749	4.153
101119001	1031	1990	11	201	2	3	188	113	5.783	37	1.289	0.531
101119001	1033	1990	11	240	2	2	205	139	6.291	35	0.94	0.344
101119001	1034	1990	11	141	2	2	174	83	4.668	30	0.839	0.279
101119001	1035	1990	11	262	2	2	214	150	9.407	54	3.408	0.465
123119001	1005	1990	11	398	2	3	245	235	13.254	63	6.603	4.094
123119001	1008	1990	11	435	2	4	243	235	13.937	70	10.832	15.616
123119001	1009	1990	11	509	2	3	265	275	14.8	60	7.353	3.748
123119001	1010	1990	11	435	2	3	257	239	12.929	61	8.789	6.647
123119001	1011	1990	11	290	2	3	222	165	9.495	56.5	5.352	4.321
123119001	1012	1990	11	305	2	3	219	164	10.7	72	8.341	11.955
123119001	1013	1990	11	235	2	3	207	138	5.774	50	3.897	2.32
123119001	1015	1990	11	431	2	5	252	223	12.874	89	21.308	22.83
123119001	1019	1990	11	702	2	3	310	394	22.103	84.5	16.963	22.844
123119001	1022	1990	11	534	2	3	288	283	20.203	81.5	14.393	20.943
123119001	1027	1990	11	179	2	3	180	101	5.448	50	3.852	2.399
123119001	1030	1990	11	564	2	4	279	299	15.965	93	26.156	27.026
123119001	1031	1990	11	601	2	4	270	322	17.448	88	21.705	30.108
123119001	1032	1990	11	698	2	3	290	397	25.379	69	8.573	6.987
123119001	1034	1990	11	340	2	4	232	188	5.7	70	9.504	10.642
123119001	1036	1990	11	248	2	4	215	135	6.92	73	8.813	11.825
123119001	1038	1990	11	290	2	2	220	167	8.596	45	2.458	0.638
123119001	1039	1990	11	185	2	2	184	98	5.44	43.2	2.22	0.488
123119001	1041	1990	11	759	2	4	309	387	27.152	96	32.4	37.198
123119001	1043	1990	11	299	2	5	229	162	8.16	73	10.468	12.76
123119001	1044	1990	11	397	2	3	250	234	12.433	66	7.66	4.476
123119001	1045	1990	11	405	2	5	250	199	11.43	81	18.072	22.737
123119001	1051	1990	11	216	2	2	206	128	4.736	60	2.135	0.363
123119001	1052	1990	11	620	2	4	281	327	18.1	91	20.67	26.92
123119001	1057	1990	11	304	2	2	229	178	10.066	55	4.79	2.553
123119001	1059	1990	11	474	2	4	263	259	14.764	75	15.467	25.174
123119001	1061	1990	11	505	2	3	265	281	15.5	63	8.484	7.66
123119002	1001	1990	11	255	2	3	215	145	8.436	51	4.28	2.652
123119002	1004	1990	11	374	2	4	246	197	8.111	71	13.36	21.125
123119002	1007	1990	11	241	2	3	205	141	8.643	50	3.515	2.105
123119002	1008	1990	11	319	2	3	230	169	10.861	55	7.835	12.486
123119002	1009	1990	11	423	2	3	263	216	12.554	70	9.168	10.149
123119002	1011	1990	11	188	2	3	183	104	4.433	41	2.443	1.027
123119002	1012	1990	11	221	2	2	198	125	3.808	56	4.076	2.434
123119002	1013	1990	11	290	2	4	217	155	7.659	76	9.953	16.245
123119002	1014	1990	11	239	2	2	211	134	7.978	51	3.515	1.498
123119002	1015	1990	11	339	2	3	234	190	12.389	56	5.206	3.517
114129001	1062	1990	12	287	2	4	232	147	7.39	75	11.493	18.274
114129001	1064	1990	12	188	2	3	196	107	6.349	51	3.059	1.807
114129001	1065	1990	12	166	2	3	181	89	3.639	53	5.311	6.98
114129001	1066	1990	12	214	2	3	205	113	7.488	62	7.07	8.984
114129001	1067	1990	12	73	2	1	121	42	1.7	17	0.045	0.03
114129001	1068	1990	12	217	2	3	203	124	6.52	61	5.309	3.449
114129001	1069	1990	12	131	2	2	168	78	2.735	30	0.52	0.428
103129001	1005	1990	12	239	2	5	206	125	8.188	73	9.56	13.808
103129001	1008	1990	12	633	2	4	295	350	19.991	94	19.989	29.5
114129001	1036	1990	12	809	2	4	316	366	27.373	106	36.894	46.979
114129001	1037	1990	12	681	2	4	304	336	21.074	106	30.305	34.93
114129001	1039	1990	12	601	2	4	297	313	20.43	98	21.25	27.735
114129001	1040	1990	12	513	2	4	268	272	17.634	88	20.387	25.225
114129001	1041	1990	12	205	2	5	208	108	5.695	72	10.685	11.971
114129001	1042	1990	12	641	2	5	291	324	21.677	97	26.185	32.442
114129001	1043	1990	12	113	2	2	153	65	4.476	32	0.404	0.17
114129001	1044	1990	12	618	2	5	288	307	21.304	87.6	25.427	27.546
114129001	1045	1990	12	203	2	3	189	104	6.971	67	5.755	9.36
114129001	1046	1990	12	444	2	4	247	245.8	11.328	74	16.112	20.34
114129001	1048	1990	12	322	2	4	225	165	12.852	84	14.832	15.708
114129001	1049	1990	12	349	2	4	240	177	7.263	100	16.072	17.361
114129001	1050	1990	12	422	2	4	251	221	11.62	84	14.835	19.213
114129001	1051	1990	12	308	2	4	228	169	8.379	67	7.67	12.63
114129001	1052	1990	12	206	2	5	197	107	5.41	72	8.717	10.461
114129001	1053	1990	12	354	2	5	230	172	9.068	82.5	17.025	16.943
114129001	1054	1990	12	417	2	4	260	211	11.273	87	19.564	21.436
114129001	1056	1990	12	734	2	4	315	376	24.351	104	30.922	40.744
114129001	1057	1990	12	69	2	1	130	39	1.195	10	0.049	0.091
114129001	1059	1990	12	147	2	2	172	85	4.533	28	0.632	0.351
114129001	1060	1990	12	94	2	2	139	55	1.684	29	0.415	0.206
114129001	1061	1990	12	234	2	3	208	129	5.989	59	6.621	9.513
107019101	1001	1991	1	320	2	4	226	158	7.037	70	13.701	15.118
107019101	1004	1991	1	393	2	5	238	187	7.763	83	21.269	26.169
107019101	1006	1991	1	364	2	5	232	190	9.266	78	17.527	20.43
107019101	1007	1991	1	429	2	4	259	222	11.692	75	18.9	20.868
107019101	1008	1991	1	345	2	5	229	173	7.781	78.3	16.574	19.725
107019101	1009	1991	1	393	2	4	247	190	11.762	85	22.877	29.417
109019101	1001	1991	1	542	2	5	285	267	11.968	95	28.866	29.514
110019101	1001	1991	1	636	2	4	301	299	19.373	101	27.756	31.763
110019101	1002	1991	1	235	2	4	205	122	4.483	67	7.535	11.596
110019101	1003	1991	1	320	2	5	232	164	9.585	72	13.557	19.228
110019101	1004	1991	1	330	2	5	236	162	8.235	85.6	19.082	20.492
110019101	1005	1991	1	271	2	3	217	148	9.154	67	8.287	11.937
110019101	1006	1991	1	328	2	4	233	154	8.162	80	18.617	19.757
110019101	1007	1991	1	385	2	4	252	193	8.976	80	17.219	24.917
110019101	1009	1991	1	283	2	5	219	136	5.415	79	14.733	18.064
110019101	1012	1991	1	329	2	4	236	170	11.916	70.5	14.484	19.787
110019101	1013	1991	1	275	2	5	220	138	7.035	76.4	12.481	16.918
110019101	1014	1991	1	191	2	4	195	98	5.739	63	6.201	11.095
110019101	1015	1991	1	581	2	5	288	272	12.004	87	35.361	33.354
110019101	1016	1991	1	363	2	5	239	177	10.862	80	19.888	22.737
110019101	1017	1991	1	474	2	5	264	232	16.503	92	24.468	27.797
110019101	1018	1991	1	352	2	4	239	171	7.22	81.5	19.198	22.686
110019101	1019	1991	1	581	2	5	284	276	19.14	101	29.679	25.729
110019101	1025	1991	1	580	2	4	303	301	20.459	90	22.218	36.585
110019101	1026	1991	1	569	2	4	293	283	17.244	98.5	29.408	30.271
110019101	1028	1991	1	712	2	4	315	351.9	19.764	107	36.102	39.699
110019101	1030	1991	1	433	2	5	250	205	10.174	84	23.984	30.301
110019101	1033	1991	1	310	2	4	220	153	8.993	69.7	13.494	21.782
110019101	1037	1991	1	612	2	5	293	321	18.223	95	30.313	32.082
110019101	1038	1991	1	333	2	4	227	160	8.861	81	18.847	19.044
110019101	1039	1991	1	96	2	2	148	56	1.744	31	0.731	0.266
125019101	1001	1991	1	277	2	3	204	153.7	8.018	62.2	6.166	6.505
125019101	1002	1991	1	457	2	5	266	206	9.01	95	28.418	40.238
125019101	1003	1991	1	298	2	5	231	150	8.28	82	17.481	22.426
125019101	1004	1991	1	324	2	5	221	147.4	5.649	81.6	20.235	20.704
125019101	1005	1991	1	568	2	5	286	285	15.492	94.5	31.187	34.221
125019101	1011	1991	1	558	2	4	287	283	14.145	98	26.49	28.177
105029101	1002	1991	2	376	2	5	245	175	8.699	92.6	32.56	24.602
105029101	1003	1991	2	291	2	4	225	148	6.841	75	14.459	15.868
113029101	1001	1991	2	368	2	5	255	187	11.404	77	15.121	21.735
121029101	1027	1991	2	113	2	2	161	63	1.701	51	2.385	1.613
121029101	1028	1991	2	648	2	5	297	318	23.749	87	31.06	45.537
121029101	1029	1991	2	329	2	4	232	161	11.054	79.5	14.626	25.694
121029101	1030	1991	2	274	2	4	213	134	6.175	88.4	18.43	20.44
121029101	1031	1991	2	207	2	4	188	102	6.607	67	9.808	14.125
121029101	1032	1991	2	187	2	5	196	88	4.518	75.7	10.926	18.54
121029101	1033	1991	2	157	2	4	185	75	3.178	71.1	10.1	13.94
121029101	1034	1991	2	327	2	5	226	159	13.115	86	18.711	21.744
121029101	1035	1991	2	475	2	5	270	232	11.66	89.5	26.396	34.413
121029101	1037	1991	2	378	2	5	251	187	10.958	92	17.722	28.743
121029101	1038	1991	2	267	2	5	212	131	8.778	75	12.006	20.026
121029101	1041	1991	2	233	2	4	212	119	7.306	68	8.995	18.415
121029101	1042	1991	2	311	2	5	225	150	10.109	79	17.874	21.464
121029101	1043	1991	2	330	2	5	245	174	11.346	83	15.124	18.995
121029101	1044	1991	2	222	2	5	195	110	6.888	72	10.318	14.004
121029101	1045	1991	2	289	2	5	215	146	9.378	72.2	15.23	21.47
121029101	1046	1991	2	328	2	5	236	158	9.649	86.4	22.661	27.93
121029101	1047	1991	2	194	2	5	192	96	6.297	68	11.005	15.341
121029101	1048	1991	2	151	2	4	163	76	4.575	59	6.016	12.114
121029101	1049	1991	2	624	2	5	300	317	19.975	102.5	22.408	40.542
121029101	1050	1991	2	189	2	4	188	96	4.266	64	7.561	13.598
121029101	1051	1991	2	299	2	5	225	147	9.962	80.3	13.97	23.077
121029101	1052	1991	2	149	2	5	167	73	3.601	65.1	8.252	19.828
121029101	1053	1991	2	280	2	5	219	142	8.61	75	14.08	22.003
121029101	1055	1991	2	164	2	5	176	74	4.854	70	10.254	12.592
121029101	1056	1991	2	349	2	5	240	174	11.077	84	15.43	21.425
121029101	1057	1991	2	280	2	5	217	131	5.092	91	25.756	15.212
114039101	1031	1991	3	261	2	5	222	126	8.618	75	14.52	22.22
114039101	1032	1991	3	202	2	4	189	98	4.759	66.5	9.588	12.381
114039101	1033	1991	3	202	2	5	195	99	6.051	63	8.775	18.739
114039101	1034	1991	3	491	2	5	276	241	10.257	97	29.909	35.7
114039101	1035	1991	3	547	2	5	295	280	16.695	92.7	24.27	40.614
114039101	1036	1991	3	207	2	5	202	98	4.565	71	10.459	21.109
114039101	1037	1991	3	396	2	5	255	197	8.948	88	18.974	30.819
114039101	1038	1991	3	243	2	4	212	122	5.842	76.5	11.11	22.189
114039101	1039	1991	3	442	2	5	259	210	10.917	79	20.189	32.175
114039101	1040	1991	3	299	2	5	223	147	7.233	82	16.73	24.28
114039101	1041	1991	3	247	2	5	208	111	9.079	74	14.201	13.585
114039101	1042	1991	3	479	2	4	275	233	12.311	97	28.025	29.194
114039101	1043	1991	3	387	2	5	260	188	8.632	82	19.849	36.012
114039101	1044	1991	3	417	2	5	270	203	13.586	87.6	20.307	31.531
114039101	1045	1991	3	514	2	5	291	266	17.621	89	24.715	35.436
114039101	1046	1991	3	222	2	5	205	111	8.12	62.5	10.688	16.458
114039101	1047	1991	3	297	2	5	225	148	9.514	77	13.465	26.039
114039101	1048	1991	3	344	2	5	248	176	10.266	81	15.817	26.201
114039101	1049	1991	3	465	2	5	280	229	10.234	87.5	21.798	31.586
114039101	1050	1991	3	320	2	5	238	156	9.136	81	19.616	27.401
114039101	1051	1991	3	392	2	5	260	207	13.845	82	18.622	29.096
114039101	1052	1991	3	313	2	4	243	164	7.982	77	12.703	27.346
114039101	1053	1991	3	279	2	4	227	134	7.727	75	15.037	23.164
114039101	1054	1991	3	397	2	5	248	172	6.895	92	24.377	34.754
114039101	1056	1991	3	425	2	5	282	218	10.331	98	21.071	28.568
114039101	1057	1991	3	300	2	5	230	157	10.308	82	10.81	20.133
114039101	1058	1991	3	321	2	5	235	153	11.127	77	16.02	28.349
114039101	1059	1991	3	322	2	4	236	159	5.916	77	15.576	28.353
114039101	1060	1991	3	680	2	5	312	341	16.513	104	36.77	50.23
109049101	1041	1991	4	324	2	5	240	151	7.216	89	21.363	26.142
109049101	1042	1991	4	337	2	4	250	166	7.85	90	17.874	26.755
109049101	1043	1991	4	330	2	4	246	158	8.391	84	19.724	29.202
109049101	1044	1991	4	308	2	5	227	149	7.142	91	14.749	31.351
109049101	1045	1991	4	214	2	5	204	105	8.79	67	9.152	16.114
109049101	1046	1991	4	301	2	5	233	147	8.399	76	16.923	27.187
109049101	1002	1991	4	74	2	1	124	40	1.988	19.5	0.065	0.022
109049101	1036	1991	4	664	2	4	293	325	20.428	102	37.676	50.025
109049101	1037	1991	4	453	2	4	292	222	9.026	97	25.147	33.066
109049101	1038	1991	4	392	2	5	265	202	9.292	89	19.729	32.301
109049101	1040	1991	4	364	2	4	235	177	9.556	87	18.345	30.639
109049101	1047	1991	4	327	2	4	237	158	6.824	79	14.74	29.279
109049101	1048	1991	4	283	2	5	228	136	7.652	81	14.938	23.326
109049101	1049	1991	4	278	2	5	220	128	8.082	83	16.49	24.213
109049101	1050	1991	4	301	2	5	223	141	8.898	86	20.211	25.341
109049101	1051	1991	4	261	2	5	223	133	8.895	74	11.397	22.502
109049101	1052	1991	4	288	2	4	223	141	7.526	78	15.34	25.662
109049101	1053	1991	4	252	2	5	220	122	6.16	74	11.787	23.293
109049101	1054	1991	4	275	2	5	221	123	8.203	77.6	12.373	40.15
109049101	1055	1991	4	264	2	5	222	125	10.332	80	11.504	25.816
109049101	1056	1991	4	257	2	4	207	128	7.157	84	10.563	22.5
109049101	1059	1991	4	219	2	5	200	102	4.145	76	13.459	18.15
109049101	1060	1991	4	223	2	5	201	107	7.321	70	12.091	18.901
109049101	1061	1991	4	220	2	5	207	102	5.434	75	14.487	17.479
109049101	1062	1991	4	215	2	4	202	106	9.041	60	7.769	23.068
109049101	1063	1991	4	204	2	4	198	94	4.63	71	10.006	18.216
109049101	1065	1991	4	172	2	4	185	83	4.39	67	9.041	15.646
109049101	1066	1991	4	152	2	5	177	75	3.351	64	8.031	13.692
109049101	1067	1991	4	160	2	4	173	72	2.576	66	9.05	17.96
109049101	1068	1991	4	117	2	2	160	65	3.826	43	1.856	0.826
109049101	1069	1991	4	111	2	3	155	55	2.674	50	3.405	2.566
109049101	1070	1991	4	58	2	1	117	32	1.814	16	0.036	0.065
109049101	1072	1991	4	238	2	4	203	114	7.497	79.5	12.772	18.465
120059101	1006	1991	5	251	2	4	215	126	6.808	78	12.104	17.353
122059101	1036	1991	5	160	2	5	181	75	3.379	70	8.282	14.555
122059101	1037	1991	5	160	2	5	183	69	3.379	70	10.581	16.944
122059101	1038	1991	5	152	2	3	171	83	4.218	60	4.867	3.401
122059101	1040	1991	5	184	2	5	179	80	4.168	73	11.029	15.505
122059101	1041	1991	5	202	2	5	200	93	7.633	73.7	10.558	22.565
122059101	1042	1991	5	203	2	5	198	94	2.565	76	11.115	21.584
122059101	1044	1991	5	253	2	5	214	118	8.245	73	16.303	19.847
122059101	1045	1991	5	190	2	5	184	87	6.19	75	11.409	19.172
122059101	1046	1991	5	238	2	4	194	120	6.732	74	12.732	24.285
122059101	1047	1991	5	217	2	5	191	101	4.423	71	11.417	22.628
122059101	1048	1991	5	242	2	5	217	113	5.152	69.4	11.352	23.374
122059101	1049	1991	5	267	2	5	221	124	5.805	86	16.167	23.727
122059101	1050	1991	5	304	2	5	232	133	8.245	97.3	23.197	27.229
122059101	1053	1991	5	260	2	5	215	118	5.4	79	15.232	25.305
122059101	1054	1991	5	342	2	4	230	166	9.62	87	17.714	25.034
122059101	1055	1991	5	306	2	5	225	143	9.301	80	14.234	31
122059101	1056	1991	5	339	2	5	240	173	7.576	92	23.325	18.792
122059101	1057	1991	5	277	2	5	225	139	9.091	77	13.902	27.506
122059101	1058	1991	5	273	2	5	226	136	9.506	80	13.66	22.651
122059101	1059	1991	5	301	2	5	233	134	7.725	91	17.23	30.451
122059101	1060	1991	5	324	2	5	243	163	8.166	83	15.176	27.535
122059101	1061	1991	5	416	2	5	254	213	12.576	90	20.037	22.531
122059101	1062	1991	5	368	2	5	254	184	9.217	97	15.751	35.709
122059101	1063	1991	5	370	2	5	249	182	6.63	105	25.133	25.979
122059101	1064	1991	5	366	2	5	249	183	8.022	100	15.217	34.522
122059101	1065	1991	5	531	2	4	285	266	13.457	103.4	29.949	32.011
122059101	1068	1991	5	436	2	5	265	210	12.635	94	24.001	34.913
122059101	1069	1991	5	526	2	4	296	262	10.57	102	26.291	29.245
122059101	1070	1991	5	742	2	4	322	378	21.203	94.6	39.325	37.373
120069101	1004	1991	6	109	2	1	146	60	2.121	18	0.101	0.035
120069101	1043	1991	6	126	2	2	163	72.3	3.4	23.9	0.148	0.07
120069101	1044	1991	6	114	2	2	153	62	2.273	17	0.095	0.045
120069101	1046	1991	6	124	2	2	152	67.6	3.914	22	0.194	0.141
120069101	1049	1991	6	105	2	2	150	60	2.289	21.1	0.112	0.1
120069101	1050	1991	6	129	2	1	157	73	3.715	15	0.07	0.03
120069101	1054	1991	6	127	2	2	152	67.6	3.07	23.9	0.13	0.069
120069101	1056	1991	6	140	2	1	165	74.3	3.373	24	0.096	0.051
120069101	1058	1991	6	149	2	1	169	78.6	4.732	22.5	0.151	0.046
120069101	1059	1991	6	242	2	5	213	105	6.143	86	15.518	24.427
120069101	1060	1991	6	240	2	5	215	113	5.638	73	11.961	19.269
120069101	1063	1991	6	330	2	5	243	153	11.772	91	19.033	30
120069101	1064	1991	6	185	2	4	188	88	5.085	70	10.798	19.716
120069101	1065	1991	6	126	2	2	153	70	3.634	19	0.114	0.071
104079101	1001	1991	7	324	2	4	227	155	7.96	82	17.396	28.856